629623
629653
629683
629687
629689
629701
629711
629723
629737
629743
629747
629767
629773
629779
629803
629807
629819
629843
629857
629861
629873
629891
629897
629899
629903
629921
629927
629929
629939
629963
629977
629987
629989
630017
630023
630029
630043
630067
630101
630107
630127
630151
630163
630167
630169
630181
630193
630197
630229
630247
630263
630281
630299
630307
630319
630349
630353
630391
630433
630451
630467
630473
630481
630493
630521
630523
630529
630559
630577
630583
630587
630589
630593
630607
630613
630659
630677
630689
630701
630709
630713
630719
630733
630737
630797
630803
630823
630827
630841
630863
630871
630893
630899
630901
630907
630911
630919
630941
630967
630997
631003
631013
631039
631061
631121
631133
631139
631151
631153
631157
631171
631181
631187
631223
631229
631247
631249
631259
631271
631273
631291
631307
631339
631357
631361
631387
631391
631399
631409
631429
631453
631457
631459
631469
631471
631483
631487
631507
631513
631529
631531
631537
631549
631559
631573
631577
631583
631597
631613
631619
631643
631667
631679
631681
631711
631717
631723
631733
631739
631751
631753
631789
631817
631819
631843
631847
631853
631859
631861
631867
631889
631901
631903
631913
631927
631931
631937
631979
631987
631991
631993
632029
632041
632053
632081
632083
632087
632089
632101
632117
632123
632141
632147
632153
632189
632209
632221
632227
632231
632251
632257
632267
632273
632297
632299
632321
632323
632327
632329
632347
632351
632353
632363
632371
632381
632389
632393
632447
632459
632473
632483
632497
632501
632503
632521
632557
632561
632591
632609
632623
632627
632629
632647
632669
632677
632683
632699
632713
632717
632743
632747
632773
632777
632813
632839
632843
632851
632857
632881
632897
632911
632923
632939
632941
632971
632977
632987
632993
633001
633013
633037
633053
633067
633079
633091
633133
633151
633161
633187
633197
633209
633221
633253
633257
633263
633271
633287
633307
633317
633337
633359
633377
633379
633383
633401
633407
633427
633449
633461
633463
633467
633469
633473
633487
633497
633559
633569
633571
633583
633599
633613
633623
633629
633649
633653
633667
633739
633751
633757
633767
633781
633791
633793
633797
633799
633803
633823
633833
633877
633883
633923
633931
633937
633943
633953
633961
633967
633991
634003
634013
634031
634061
634079
634091
634097
634103
634141
634157
634159
634169
634177
634181
634187
634199
634211
634223
634237
634241
634247
634261
634267
634273
634279
634301
634307
634313
634327
634331
634343
634367
634373
634397
634421
634441
634471
634483
634493
634499
634511
634519
634523
634531
634541
634567
634573
634577
634597
634603
634609
634643
634649
634651
634679
634681
634687
634703
634709
634717
634727
634741
634747
634757
634759
634793
634807
634817
634841
634853
634859
634861
634871
634891
634901
634903
634927
634937
634939
634943
634969
634979
635003
635021
635039
635051
635057
635087
635119
635147
635149
635197
635203
635207
635249
635251
635263
635267
635279
635287
635291
635293
635309
635317
635333
635339
635347
635351
635353
635359
635363
635387
635389
635413
635423
635431
635441
635449
635461
635471
635483
635507
635519
635527
635533
635563
635567
635599
635603
635617
635639
635653
635659
635689
635707
635711
635729
635731
635737
635777
635801
635809
635813
635821
635837
635849
635867
635879
635891
635893
635909
635917
635923
635939
635959
635969
635977
635981
635983
635989
636017
636023
636043
636059
636061
636071
636073
636107
636109
636133
636137
636149
636193
636211
636217
636241
636247
636257
636263
636277
636283
636287
636301
636313
636319
636331
636343
636353
636359
636403
636407
636409
636421
636469
636473
636499
636533
636539
636541
636547
636553
636563
636569
636613
636619
636631
636653
636673
636697
636719
636721
636731
636739
636749
636761
636763
636773
636781
636809
636817
636821
636829
636851
636863
636877
636917
636919
636931
636947
636953
636967
636983
636997
637001
637003
637067
637073
637079
637097
637129
637139
637157
637163
637171
637199
637201
637229
637243
637271
637277
637283
637291
637297
637309
637319
637321
637327
637337
637339
637349
637369
637379
637409
637421
637423
637447
637459
637463
637471
637489
637499
637513
637519
637529
637531
637543
637573
637597
637601
637603
637607
637627
637657
637669
637691
637699
637709
637711
637717
637723
637727
637729
637751
637771
637781
637783
637787
637817
637829
637831
637841
637873
637883
637909
637933
637937
637939
638023
638047
638051
638059
638063
638081
638117
638123
638147
638159
638161
638171
638177
638179
638201
638233
638263
638269
638303
638317
638327
638347
638359
638371
638423
638431
638437
638453
638459
638467
638489
638501
638527
638567
638581
638587
638621
638629
638633
638663
638669
638689
638699
638717
638719
638767
638801
638819
638839
638857
638861
638893
638923
638933
638959
638971
638977
638993
638999
639007
639011
639043
639049
639053
639083
639091
639137
639143
639151
639157
639167
639169
639181
639211
639253
639257
639259
639263
639269
639299
639307
639311
639329
639337
639361
639371
639391
639433
639439
639451
639487
639491
639493
639511
639517
639533
639547
639563
639571
639577
639589
639599
639601
639631
639637
639647
639671
639677
639679
639689
639697
639701
639703
639713
639719
639731
639739
639757
639833
639839
639851
639853
639857
639907
639911
639937
639941
639949
639959
639983
639997
640007
640009
640019
640027
640039
640043
640049
640061
640069
640099
640109
640121
640127
640139
640151
640153
640163
640193
640219
640223
640229
640231
640247
640249
640259
640261
640267
640279
640303
640307
640333
640363
640369
640411
640421
640457
640463
640477
640483
640499
640529
640531
640579
640583
640589
640613
640621
640631
640649
640663
640667
640669
640687
640691
640727
640733
640741
640771
640777
640793
640837
640847
640853
640859
640873
640891
640901
640907
640919
640933
640943
640949
640957
640963
640967
640973
640993
641051
641057
641077
641083
641089
641093
641101
641129
641131
641143
641167
641197
641203
641213
641227
641239
641261
641279
641287
641299
641317
641327
641371
641387
641411
641413
641419
641437
641441
641453
641467
641471
641479
641491
641513
641519
641521
641549
641551
641579
641581
641623
641633
641639
641681
641701
641713
641747
641749
641761
641789
641791
641803
641813
641819
641821
641827
641833
641843
641863
641867
641873
641881
641891
641897
641909
641923
641929
641959
641969
641981
642011
642013
642049
642071
642077
642079
642113
642121
642133
642149
642151
642157
642163
642197
642199
642211
642217
642223
642233
642241
642247
642253
642281
642359
642361
642373
642403
642407
642419
642427
642457
642487
642517
642527
642529
642533
642547
642557
642563
642581
642613
642623
642673
642683
642701
642737
642739
642769
642779
642791
642797
642799
642809
642833
642853
642869
642871
642877
642881
642899
642907
642931
642937
642947
642953
642973
642977
642997
643009
643021
643031
643039
643043
643051
643061
643073
643081
643087
643099
643121
643129
643183
643187
643199
643213
643217
643231
643243
643273
643301
643303
643369
643373
643403
643421
643429
643439
643453
643457
643463
643469
643493
643507
643523
643547
643553
643567
643583
643589
643619
643633
643639
643649
643651
643661
643681
643691
643693
643697
643703
643723
643729
643751
643781
643847
643849
643859
643873
643879
643883
643889
643919
643927
643949
643957
643961
643969
643991
644009
644029
644047
644051
644053
644057
644089
644101
644107
644117
644123
644129
644131
644141
644143
644153
644159
644173
644191
644197
644201
644227
644239
644257
644261
644291
644297
644327
644341
644353
644359
644363
644377
644381
644383
644401
644411
644431
644443
644447
644489
644491
644507
644513
644519
644531
644549
644557
644563
644569
644593
644597
644599
644617
644629
644647
644653
644669
644671
644687
644701
644717
644729
644731
644747
644753
644767
644783
644789
644797
644801
644837
644843
644857
644863
644867
644869
644881
644899
644909
644911
644923
644933
644951
644977
644999
645011
645013
645019
645023
645037
645041
645049
645067
645077
645083
645091
645097
645131
645137
645149
645179
645187
645233
645257
645313
645329
645347
645353
645367
645383
645397
645409
645419
645431
645433
645443
645467
645481
645493
645497
645499
645503
645521
645527
645529
645571
645577
645581
645583
645599
645611
645629
645641
645647
645649
645661
645683
645691
645703
645713
645727
645737
645739
645751
645763
645787
645803
645833
645839
645851
645857
645877
645889
645893
645901
645907
645937
645941
645973
645979
646003
646013
646027
646039
646067
646073
646099
646103
646147
646157
646159
646169
646181
646183
646189
646193
646199
646237
646253
646259
646267
646271
646273
646291
646301
646307
646309
646339
646379
646397
646403
646411
646421
646423
646433
646453
646519
646523
646537
646543
646549
646571
646573
646577
646609
646619
646631
646637
646643
646669
646687
646721
646757
646771
646781
646823
646831
646837
646843
646859
646873
646879
646883
646889
646897
646909
646913
646927
646937
646957
646979
646981
646991
646993
647011
647033
647039
647047
647057
647069
647081
647099
647111
647113
647117
647131
647147
647161
647189
647201
647209
647219
647261
647263
647293
647303
647321
647327
647333
647341
647357
647359
647363
647371
647399
647401
647417
647429
647441
647453
647477
647489
647503
647509
647527
647531
647551
647557
647579
647587
647593
647609
647617
647627
647641
647651
647659
647663
647687
647693
647719
647723
647741
647743
647747
647753
647771
647783
647789
647809
647821
647837
647839
647851
647861
647891
647893
647909
647917
647951
647953
647963
647987
648007
648019
648029
648041
648047
648059
648061
648073
648079
648097
648101
648107
648119
648133
648173
648181
648191
648199
648211
648217
648229
648239
648257
648259
648269
648283
648289
648293
648317
648331
648341
648343
648371
648377
648379
648383
648391
648433
648437
648449
648481
648509
648563
648607
648617
648619
648629
648631
648649
648653
648671
648677
648689
648709
648719
648731
648763
648779
648803
648841
648859
648863
648871
648887
648889
648911
648917
648931
648937
648953
648961
648971
648997
649001
649007
649039
649063
649069
649073
649079
649081
649087
649093
649123
649141
649147
649151
649157
649183
649217
649261
649273
649277
649279
649283
649291
649307
649321
649361
649379
649381
649403
649421
649423
649427
649457
649469
649471
649483
649487
649499
649501
649507
649511
649529
649541
649559
649567
649573
649577
649613
649619
649631
649633
649639
649643
649651
649657
649661
649697
649709
649717
649739
649751
649769
649771
649777
649783
649787
649793
649799
649801
649813
649829
649843
649849
649867
649871
649877
649879
649897
649907
649921
649937
649969
649981
649991
650011
650017
650059
650071
650081
650099
650107
650179
650183
650189
650213
650227
650261
650269
650281
650291
650317
650327
650329
650347
650359
650387
650401
650413
650449
650477
650479
650483
650519
650537
650543
650549
650563
650567
650581
650591
650599
650609
650623
650627
650669
650701
650759
650761
650779
650813
650821
650827
650833
650851
650861
650863
650869
650873
650911
650917
650927
650933
650953
650971
650987
651017
651019
651029
651043
651067
651071
651097
651103
651109
651127
651139
651143
651169
651179
651181
651191
651193
651221
651223
651239
651247
651251
651257
651271
651281
651289
651293
651323
651331
651347
651361
651397
651401
651437
651439
651461
651473
651481
651487
651503
651509
651517
651587
651617
651641
651647
651649
651667
651683
651689
651697
651727
651731
651733
651767
651769
651793
651803
651809
651811
651821
651839
651841
651853
651857
651863
651869
651877
651881
651901
651913
651943
651971
651997
652019
652033
652039
652063
652079
652081
652087
652117
652121
652153
652189
652207
652217
652229
652237
652241
652243
652261
652279
652283
652291
652319
652321
652331
652339
652343
652357
652361
652369
652373
652381
652411
652417
652429
652447
652451
652453
652493
652499
652507
652541
652543
652549
652559
652567
652573
652577
652591
652601
652607
652609
652621
652627
652651
652657
652667
652699
652723
652727
652733
652739
652741
652747
652753
652759
652787
652811
652831
652837
652849
652853
652871
652903
652909
652913
652921
652931
652933
652937
652943
652957
652969
652991
652997
652999
653033
653057
653083
653111
653113
653117
653143
653153
653197
653203
653207
653209
653243
653267
653273
653281
653311
653321
653339
653357
653363
653431
653461
653473
653491
653501
653503
653507
653519
653537
653539
653561
653563
653579
653593
653617
653621
653623
653641
653647
653651
653659
653687
653693
653707
653711
653713
653743
653749
653761
653777
653789
653797
653801
653819
653831
653879
653881
653893
653899
653903
653927
653929
653941
653951
653963
653969
653977
653993
654001
654011
654019
654023
654029
654047
654053
654067
654089
654107
654127
654149
654161
654163
654167
654169
654187
654191
654209
654221
654223
654229
654233
654257
654293
654301
654307
654323
654343
654349
654371
654397
654413
654421
654427
654439
654491
654499
654509
654527
654529
654539
654541
654553
654571
654587
654593
654601
654611
654613
654623
654629
654671
654679
654697
654701
654727
654739
654743
654749
654767
654779
654781
654799
654803
654817
654821
654827
654839
654853
654877
654889
654917
654923
654931
654943
654967
654991
655001
655003
655013
655021
655033
655037
655043
655069
655087
655103
655111
655121
655157
655181
655211
655219
655223
655229
655241
655243
655261
655267
655273
655283
655289
655301
655331
655337
655351
655357
655373
655379
655387
655399
655439
655453
655471
655489
655507
655511
655517
655531
655541
655547
655559
655561
655579
655583
655597
655601
655637
655643
655649
655651
655657
655687
655693
655717
655723
655727
655757
655807
655847
655849
655859
655883
655901
655909
655913
655927
655943
655961
655987
656023
656039
656063
656077
656113
656119
656129
656141
656147
656153
656171
656221
656237
656263
656267
656273
656291
656297
656303
656311
656321
656323
656329
656333
656347
656371
656377
656389
656407
656423
656429
656459
656471
656479
656483
656519
656527
656561
656587
656597
656599
656603
656609
656651
656657
656671
656681
656683
656687
656701
656707
656737
656741
656749
656753
656771
656783
656791
656809
656819
656833
656839
656891
656917
656923
656939
656951
656959
656977
656989
656993
657017
657029
657047
657049
657061
657071
657079
657089
657091
657113
657121
657127
657131
657187
657193
657197
657233
657257
657269
657281
657289
657299
657311
657313
657323
657347
657361
657383
657403
657413
657431
657439
657451
657469
657473
657491
657493
657497
657499
657523
657529
657539
657557
657581
657583
657589
657607
657617
657649
657653
657659
657661
657703
657707
657719
657743
657779
657793
657809
657827
657841
657863
657893
657911
657929
657931
657947
657959
657973
657983
658001
658043
658051
658057
658069
658079
658111
658117
658123
658127
658139
658153
658159
658169
658187
658199
658211
658219
658247
658253
658261
658277
658279
658303
658309
658319
658321
658327
658349
658351
658367
658379
658391
658403
658417
658433
658447
658453
658477
658487
658507
658547
658549
658573
658579
658589
658591
658601
658607
658613
658633
658639
658643
658649
658663
658681
658703
658751
658753
658783
658807
658817
658831
658837
658841
658871
658873
658883
658897
658907
658913
658919
658943
658961
658963
658969
658979
658991
658997
659011
659023
659047
659059
659063
659069
659077
659101
659137
659159
659171
659173
659177
659189
659221
659231
659237
659251
659279
659299
659317
659327
659333
659353
659371
659419
659423
659437
659453
659467
659473
659497
659501
659513
659521
659531
659539
659563
659569
659591
659597
659609
659611
659621
659629
659639
659653
659657
659669
659671
659689
659693
659713
659723
659741
659759
659761
659783
659819
659831
659843
659849
659863
659873
659881
659899
659917
659941
659947
659951
659963
659983
659999
660001
660013
660029
660047
660053
660061
660067
660071
660073
660097
660103
660119
660131
660137
660157
660167
660181
660197
660199
660217
660227
660241
660251
660271
660277
660281
660299
660329
660337
660347
660349
660367
660377
660379
660391
660403
660409
660449
660493
660503
660509
660521
660529
660547
660557
660559
660563
660589
660593
660599
660601
660607
660617
660619
660643
660659
660661
660683
660719
660727
660731
660733
660757
660769
660787
660791
660799
660809
660811
660817
660833
660851
660853
660887
660893
660899
660901
660917
660923
660941
660949
660973
660983
661009
661019
661027
661049
661061
661091
661093
661097
661099
661103
661109
661117
661121
661139
661183
661187
661189
661201
661217
661231
661237
661253
661259
661267
661321
661327
661343
661361
661373
661393
661417
661421
661439
661459
661477
661481
661483
661513
661517
661541
661547
661553
661603
661607
661613
661621
661663
661673
661679
661697
661721
661741
661769
661777
661823
661849
661873
661877
661879
661883
661889
661897
661909
661931
661939
661949
661951
661961
661987
661993
662003
662021
662029
662047
662059
662063
662083
662107
662111
662141
662143
662149
662177
662203
662227
662231
662251
662261
662267
662281
662287
662309
662323
662327
662339
662351
662353
662357
662369
662401
662407
662443
662449
662477
662483
662491
662513
662527
662531
662537
662539
662551
662567
662591
662617
662639
662647
662657
662671
662681
662689
662693
662713
662719
662743
662771
662773
662789
662797
662819
662833
662839
662843
662867
662897
662899
662917
662939
662941
662947
662951
662953
662957
662999
663001
663007
663031
663037
663049
663053
663071
663097
663127
663149
663161
663163
663167
663191
663203
663209
663239
663241
663263
663269
663281
663283
663301
663319
663331
663349
663359
663371
663407
663409
663437
663463
663517
663529
663539
663541
663547
663557
663563
663569
663571
663581
663583
663587
663589
663599
663601
663631
663653
663659
663661
663683
663709
663713
663737
663763
663787
663797
663821
663823
663827
663853
663857
663869
663881
663893
663907
663937
663959
663961
663967
663973
663977
663979
663983
663991
663997
664009
664019
664043
664061
664067
664091
664099
664109
664117
664121
664123
664133
664141
664151
664177
664193
664199
664211
664243
664253
664271
664273
664289
664319
664331
664357
664369
664379
664381
664403
664421
664427
664441
664459
664471
664507
664511
664529
664537
664549
664561
664571
664579
664583
664589
664597
664603
664613
664619
664621
664633
664661
664663
664667
664669
664679
664687
664691
664693
664711
664739
664757
664771
664777
664789
664793
664799
664843
664847
664849
664879
664891
664933
664949
664967
664973
664997
665011
665017
665029
665039
665047
665051
665053
665069
665089
665111
665113
665117
665123
665131
665141
665153
665177
665179
665201
665207
665213
665221
665233
665239
665251
665267
665279
665293
665299
665303
665311
665351
665359
665369
665381
665387
665419
665429
665447
665479
665501
665503
665507
665527
665549
665557
665563
665569
665573
665591
665603
665617
665629
665633
665659
665677
665713
665719
665723
665747
665761
665773
665783
665789
665801
665803
665813
665843
665857
665897
665921
665923
665947
665953
665981
665983
665993
666013
666019
666023
666031
666041
666067
666073
666079
666089
666091
666109
666119
666139
666143
666167
666173
666187
666191
666203
666229
666233
666269
666277
666301
666329
666353
666403
666427
666431
666433
666437
666439
666461
666467
666493
666511
666527
666529
666541
666557
666559
666599
666607
666637
666643
666647
666649
666667